<?xml version="1.0"?>
<opencv_storage>
<cam_mtx_l type_id="opencv-matrix">
  <rows>3</rows>
  <cols>3</cols>
  <dt>d</dt>
  <data>
    4.2327384815133951e+02 0. 3.4134624922664108e+02 0.
    4.2127405229955889e+02 2.6928542280983129e+02 0. 0. 1.</data></cam_mtx_l>
<dst_l type_id="opencv-matrix">
  <rows>1</rows>
  <cols>5</cols>
  <dt>d</dt>
  <data>
    -4.3394189370684200e-01 2.6707817584220267e-01
    -3.1144104921413871e-04 5.6389824340186817e-04
    -1.0970546178307104e-01</data></dst_l>
</opencv_storage>
