<?xml version="1.0"?>
<opencv_storage>
<cml type_id="opencv-matrix">
  <rows>3</rows>
  <cols>3</cols>
  <dt>d</dt>
  <data>
      4.2327384815903656e+02 0. 3.4134624927444708e+02 0.
      4.2127405230806323e+02 2.6928542279794493e+02 0. 0. 1.
  </data>
</cml>
<dsl type_id="opencv-matrix">
  <rows>1</rows>
  <cols>5</cols>
  <dt>d</dt>
  <data>
      -4.3394189394493310e-01 2.6707817663036831e-01
      -3.1144104124212124e-04 5.6389822967568945e-04
      -1.0970546245068448e-01
  </data>
</dsl>
</opencv_storage>
