<?xml version="1.0"?>
<opencv_storage>
<cmr type_id="opencv-matrix">
  <rows>3</rows>
  <cols>3</cols>
  <dt>d</dt>
  <data>
    4.2327384815133951e+02 0. 3.4134624922664108e+02 0.
    4.2127405229955889e+02 2.6928542280983129e+02 0. 0. 1.</data></cmr>
<dsr type_id="opencv-matrix">
  <rows>1</rows>
  <cols>5</cols>
  <dt>d</dt>
  <data>
    -4.1458182102879448e-01 1.9961438793553085e-01
    -1.4827779415508448e-04 -1.3685063625454878e-03
    -5.1136960160161532e-02</data></dsr>
</opencv_storage>
