<?xml version="1.0"?>
<opencv_storage>
<cmr type_id="opencv-matrix">
  <rows>3</rows>
  <cols>3</cols>
  <dt>d</dt>
  <data>
      4.2091190513999783e+02 0. 3.5216176104366383e+02 0.
      4.1872278963616958e+02 2.6450671374960757e+02 0. 0. 1.
  </data>
</cmr>
<dsr type_id="opencv-matrix">
  <rows>1</rows>
  <cols>5</cols>
  <dt>d</dt>
  <data>
      -4.1458182102951296e-01 1.9961438793715855e-01
      -1.4827779423235254e-04 -1.3685063625483839e-03
      -5.1136960161135898e-02
  </data>
</dsr>
</opencv_storage>
