<?xml version="1.0"?>
<opencv_storage>
<T type_id="opencv-matrix">
  <rows>3</rows>
  <cols>1</cols>
  <dt>d</dt>
  <data>
      -2.4787590640231234e+00 -3.9471173955150499e-02
      1.2087453229027663e-01
  </data>
</T>
<R type_id="opencv-matrix">
  <rows>3</rows>
  <cols>3</cols>
  <dt>d</dt>
  <data>
      9.9988278228464189e-01 -6.6358869339992015e-03
      1.3798068535939748e-02 6.7085883862018966e-03 9.9996382363271163e-01
      -5.2293658995698870e-03 -1.3762867891098454e-02
      5.3213184875786201e-03 9.9989112759188226e-01
  </data>
</R>
<F type_id="opencv-matrix">
  <rows>3</rows>
  <cols>3</cols>
  <dt>d</dt>
  <data>
      -1.1660019634233001e-07 -5.2996128823756769e-05
      7.1501678852936481e-03 3.7968035718902899e-05 5.4479666530921346e-06
      4.4505801409886653e-01 -5.9734332377468754e-03
      -4.4263526567847777e-01 1.
  </data>
</F>
<E type_id="opencv-matrix">
  <rows>3</rows>
  <cols>3</cols>
  <dt>d</dt>
  <data>
      -2.6766093085883356e-04 -1.2108019817649467e-01
      -3.8834779476105537e-02 8.6745530121743492e-02
      1.2388156704161012e-02 2.4801570306354708e+00 2.2837572965218763e-02
      -2.4789313177723229e+00 1.3506964086079458e-02
  </data>
</E>
</opencv_storage>
