<?xml version="1.0"?>
<opencv_storage>
    <Rl type_id="opencv-matrix">
  <rows>3</rows>
  <cols>3</cols>
  <dt>d</dt>
  <data>
      9.9998149906280864e-01 6.0149959589628878e-03
      -9.0628677123426576e-04 -6.0122822746579803e-03
      9.9997752194887646e-01 2.9678374001809193e-03 9.2411792964282747e-04
      -2.9623336405171534e-03 9.9999518528113651e-01
  </data>
    </Rl>
    <Rr type_id="opencv-matrix">
  <rows>3</rows>
  <cols>3</cols>
  <dt>d</dt>
  <data>
      9.9984564967982381e-01 1.2420567028238388e-02 1.2426034404747717e-02
      -1.2384328164788638e-02 9.9991884362253070e-01
      -2.9890775311888162e-03 -1.2462151990637861e-02
      2.8347280782594795e-03 9.9991832620693810e-01
  </data>
    </Rr>
    <Pl type_id="opencv-matrix">
  <rows>3</rows>
  <cols>4</cols>
  <dt>d</dt>
  <data>
      4.1999842097211638e+02 0. 3.1185657232999802e+02 0. 0.
      4.1999842097211638e+02 3.9019025035202503e+02 0. 0. 0. 1. 0.
  </data>
    </Pl>
    <Pr type_id="opencv-matrix">
  <rows>3</rows>
  <cols>4</cols>
  <dt>d</dt>
  <data>
      4.1999842097211638e+02 0. 3.1185657232999802e+02
      -1.0347630005365036e+03 0. 4.1999842097211638e+02
      3.9019025035202503e+02 0. 0. 0. 1. 0.
  </data>
    </Pr>
<Q type_id="opencv-matrix">
  <rows>4</rows>
  <cols>4</cols>
  <dt>d</dt>
  <data>
      1. 0. 0. -3.1185657232999802e+02 0. 1. 0. -3.9019025035202503e+02 0.
      0. 0. 4.1999842097211638e+02 0. 0. 4.0588851819629784e-01 0.
  </data>
</Q>
</opencv_storage>
