<?xml version="1.0"?>
<opencv_storage>
<T type_id="opencv-matrix">
  <rows>3</rows>
  <cols>1</cols>
  <dt>d</dt>
  <data>
      -2.4633504148453729e+00 -3.0600932205309333e-02
      -3.0614402348622696e-02
  </data>
</T>
<R type_id="opencv-matrix">
  <rows>3</rows>
  <cols>3</cols>
  <dt>d</dt>
  <data>
      9.9989009317687005e-01 -6.3330651947485096e-03
      -1.3404993546779796e-02 6.4111625195499809e-03
      9.9996267964577945e-01 5.7910543755071309e-03 1.3367818142765876e-02
      -5.8763594913200951e-03 9.9989337923462152e-01
  </data>
</R>
<F type_id="opencv-matrix">
  <rows>3</rows>
  <cols>3</cols>
  <dt>d</dt>
  <data>
      -4.1090891077099370e-08 5.9744302766906250e-06
      -4.0812104138942679e-03 4.5006353338297393e-07
      -2.7853920015500722e-06 2.0300314670769060e-01
      1.0987297997963601e-03 -2.0254438520999618e-01 1.
  </data>
</F>
<E type_id="opencv-matrix">
  <rows>3</rows>
  <cols>3</cols>
  <dt>d</dt>
  <data>
      -2.1279378782376997e-04 3.0793081886690707e-02
      -3.0420379841821783e-02 2.3185827506412848e-03
      -1.4281649584751812e-02 2.4634981564046687e+00
      1.4804629101891280e-02 -2.4634522794339979e+00
      -1.4675601497035220e-02
  </data>
</E>
</opencv_storage>
