<?xml version="1.0"?>
<opencv_storage>
    <Rl type_id="opencv-matrix">
  <rows>3</rows>
  <cols>3</cols>
  <dt>d</dt>
  <data>
      9.9934671264965447e-01 9.0159563893294891e-03
      -3.4998006324855002e-02 -9.1164181752022757e-03
      9.9995476701358188e-01 -2.7119820183573360e-03
      3.4971972148904101e-02 3.0292667757661203e-03 9.9938370244206887e-01
  </data>
    </Rl>
    <Rr type_id="opencv-matrix">
  <rows>3</rows>
  <cols>3</cols>
  <dt>d</dt>
  <data>
      9.9868683775405431e-01 1.5902853355876503e-02
      -4.8700096015806472e-02 -1.5788356456262965e-02
      9.9987161593185192e-01 2.7348590890913719e-03 4.8737335762403571e-02
      -1.9623733000358220e-03 9.9880970219247178e-01
  </data>
    </Rr>
    <Pl type_id="opencv-matrix">
  <rows>3</rows>
  <cols>4</cols>
  <dt>d</dt>
  <data>
      4.2127405230806323e+02 0. 3.8282177233695984e+02 0. 0.
      4.2127405230806323e+02 4.2444405807554722e+02 0. 0. 0. 1. 0.
  </data>
    </Pl>
    <Pr type_id="opencv-matrix">
  <rows>3</rows>
  <cols>4</cols>
  <dt>d</dt>
  <data>
      4.2127405230806323e+02 0. 3.8282177233695984e+02
      -1.0456099310818456e+03 0. 4.2127405230806323e+02
      4.2444405807554722e+02 0. 0. 0. 1. 0.
  </data>
    </Pr>
<Q type_id="opencv-matrix">
  <rows>4</rows>
  <cols>4</cols>
  <dt>d</dt>
  <data>
      1. 0. 0. -3.8282177233695984e+02 0. 1. 0. -4.2444405807554722e+02 0.
      0. 0. 4.2127405230806323e+02 0. 0. 4.0289790655697949e-01 0.
  </data>
</Q>
</opencv_storage>
