<?xml version="1.0"?>
<opencv_storage>
<T type_id="opencv-matrix">
  <rows>3</rows>
  <cols>1</cols>
  <dt>d</dt>
  <data>
    -2.4787590646402760e+00 -3.9471173781192602e-02
    1.2087453263570788e-01</data></T>
<R type_id="opencv-matrix">
  <rows>3</rows>
  <cols>3</cols>
  <dt>d</dt>
  <data>
    9.9988278228385075e-01 -6.6358869436103579e-03
    1.3798068588653126e-02 6.7085883963211796e-03 9.9996382363255765e-01
    -5.2293659160477166e-03 -1.3762867943648203e-02
    5.3213185045436189e-03 9.9989112759106868e-01</data></R>
<F type_id="opencv-matrix">
  <rows>3</rows>
  <cols>3</cols>
  <dt>d</dt>
  <data>
    -1.1660019801958248e-07 -5.2996128972896835e-05
    7.1501679598355234e-03 3.7968035807924720e-05 5.4479666713235269e-06
    4.4505801415626589e-01 -5.9734332993081514e-03
    -4.4263526572413942e-01 9.9999999999999989e-01</data></F>
<E type_id="opencv-matrix">
  <rows>3</rows>
  <cols>3</cols>
  <dt>d</dt>
  <data>
    -2.6766093471931255e-04 -1.2108019852163875e-01
    -3.8834779298336328e-02 8.6745530328286663e-02
    1.2388156746043235e-02 2.4801570312616770e+00 2.2837572762026543e-02
    -2.4789313183882959e+00 1.3506964129831722e-02</data></E>
</opencv_storage>
