<?xml version="1.0"?>
<opencv_storage>
    <Rl type_id="opencv-matrix">
  <rows>3</rows>
  <cols>3</cols>
  <dt>d</dt>
  <data>
    9.9934671264782959e-01 9.0159563041407268e-03
    -3.4998006398912596e-02 -9.1164180904690344e-03
    9.9995476701433261e-01 -2.7119820264369832e-03
      3.4971972223142786e-02 3.0292667815451793e-03 9.9938370243945329e-01
  </data>
    </Rl>
    <Rr type_id="opencv-matrix">
  <rows>3</rows>
  <cols>3</cols>
  <dt>d</dt>
  <data>
    9.9868683774905120e-01 1.5902853281750118e-02
    -4.8700096142610852e-02 -1.5788356381399020e-02
    9.9987161593301177e-01 2.7348590972929967e-03 4.8737335889175844e-02
      -1.9623733098568475e-03 9.9880970218626641e-01
  </data>
    </Rr>
    <Pl type_id="opencv-matrix">
  <rows>3</rows>
  <cols>4</cols>
  <dt>d</dt>
  <data>
      4.2127405229955889e+02 0. 3.8282177138328552e+02 0. 0.
      4.2127405229955889e+02 4.2444405569136143e+02 0. 0. 0. 1. 0.
  </data>
    </Pl>
    <Pr type_id="opencv-matrix">
  <rows>3</rows>
  <cols>4</cols>
  <dt>d</dt>
  <data>
      4.2127405229955889e+02 0. 3.8282177138328552e+02
    -1.0456099313263085e+03 0. 4.2127405229955889e+02
      4.2444405569136143e+02 0. 0. 0. 1. 0.
  </data>
    </Pr>
<Q type_id="opencv-matrix">
  <rows>4</rows>
  <cols>4</cols>
  <dt>d</dt>
  <data>
      1. 0. 0. -3.8282177138328552e+02 0. 1. 0. -4.2444405569136143e+02 0.
    0. 0. 4.2127405229955889e+02 0. 0. 4.0289790645464890e-01 0.</data></Q>
</opencv_storage>
